  -10.000000000000000      -0.15691912106795131     
  -9.9687500000000000      -0.15692868367377968     
  -9.9375000000000000      -0.15693902116052125     
  -9.9062500000000000      -0.15695012979739340     
  -9.8750000000000000      -0.15696200499643337     
  -9.8437500000000000      -0.15697464131927905     
  -9.8125000000000000      -0.15698803248544646     
  -9.7812500000000000      -0.15700217138207800     
  -9.7500000000000000      -0.15701705007516004     
  -9.7187500000000000      -0.15703265982216097     
  -9.6875000000000000      -0.15704899108608117     
  -9.6562500000000000      -0.15706603355086426     
  -9.6250000000000000      -0.15708377613815522     
  -9.5937500000000000      -0.15710220702534786     
  -9.5625000000000000      -0.15712131366489496     
  -9.5312500000000000      -0.15714108280482772     
  -9.5000000000000000      -0.15716150051044514     
  -9.4687500000000000      -0.15718255218711888     
  -9.4375000000000000      -0.15720422260416403     
  -9.4062500000000000      -0.15722649591972446     
  -9.3750000000000000      -0.15724935570661397     
  -9.3437500000000000      -0.15727278497904865     
  -9.3125000000000000      -0.15729676622023117     
  -9.2812500000000000      -0.15732128141070159     
  -9.2500000000000000      -0.15734631205740535     
  -9.2187500000000000      -0.15737183922341472     
  -9.1875000000000000      -0.15739784355823133     
  -9.1562500000000000      -0.15742430532860771     
  -9.1250000000000000      -0.15745120444982669     
  -9.0937500000000000      -0.15747852051735670     
  -9.0625000000000000      -0.15750623283882828     
  -9.0312500000000000      -0.15753432046626142     
  -9.0000000000000000      -0.15756276222846868     
  -8.9687500000000000      -0.15759153676357171     
  -8.9375000000000000      -0.15762062255156484     
  -8.9062500000000000      -0.15764999794685763     
  -8.8750000000000000      -0.15767964121072006     
  -8.8437500000000000      -0.15770953054358491     
  -8.8125000000000000      -0.15773964411712529     
  -8.7812500000000000      -0.15776996010604991     
  -8.7500000000000000      -0.15780045671955134     
  -8.7187500000000000      -0.15783111223236049     
  -8.6875000000000000      -0.15786190501532213     
  -8.6562500000000000      -0.15789281356546067     
  -8.6250000000000000      -0.15792381653546472     
  -8.5937500000000000      -0.15795489276253943     
  -8.5625000000000000      -0.15798602129658545     
  -8.5312500000000000      -0.15801718142763932     
  -8.5000000000000000      -0.15804835271254208     
  -8.4687500000000000      -0.15807951500078465     
  -8.4375000000000000      -0.15811064845949360     
  -8.4062500000000000      -0.15814173359750855     
  -8.3750000000000000      -0.15817275128852690     
  -8.3437500000000000      -0.15820368279327449     
  -8.3125000000000000      -0.15823450978066952     
  -8.2812500000000000      -0.15826521434796062     
  -8.2500000000000000      -0.15829577903979880     
  -8.2187500000000000      -0.15832618686623978     
  -8.1875000000000000      -0.15835642131963718     
  -8.1562500000000000      -0.15838646639042103     
  -8.1250000000000000      -0.15841630658174993     
  -8.0937500000000000      -0.15844592692301579     
  -8.0625000000000000      -0.15847531298219600     
  -8.0312500000000000      -0.15850445087705700     
  -8.0000000000000000      -0.15853332728518990     
  -7.9687500000000000      -0.15856192945289008     
  -7.9375000000000000      -0.15859024520288281     
  -7.9062500000000000      -0.15861826294089057     
  -7.8750000000000000      -0.15864597166105995     
  -7.8437500000000000      -0.15867336095025483     
  -7.8125000000000000      -0.15870042099122678     
  -7.7812500000000000      -0.15872714256467713     
  -7.7500000000000000      -0.15875351705023277     
  -7.7187500000000000      -0.15877953642635187     
  -7.6875000000000000      -0.15880519326917492     
  -7.6562500000000000      -0.15883048075036302     
  -7.6250000000000000      -0.15885539263391887     
  -7.5937500000000000      -0.15887992327205178     
  -7.5625000000000000      -0.15890406760008563     
  -7.5312500000000000      -0.15892782113046156     
  -7.5000000000000000      -0.15895117994585159     
  -7.4687500000000000      -0.15897414069142521     
  -7.4375000000000000      -0.15899670056630519     
  -7.4062500000000000      -0.15901885731423390     
  -7.3750000000000000      -0.15904060921350818     
  -7.3437500000000000      -0.15906195506619641     
  -7.3125000000000000      -0.15908289418669497     
  -7.2812500000000000      -0.15910342638965358     
  -7.2500000000000000      -0.15912355197730382     
  -7.2187500000000000      -0.15914327172624734     
  -7.1875000000000000      -0.15916258687372034     
  -7.1562500000000000      -0.15918149910340076     
  -7.1250000000000000      -0.15920001053077293     
  -7.0937500000000000      -0.15921812368810145     
  -7.0625000000000000      -0.15923584150906761     
  -7.0312500000000000      -0.15925316731307526     
  -7.0000000000000000      -0.15927010478930206     
  -6.9687500000000000      -0.15928665798050401     
  -6.9375000000000000      -0.15930283126663938     
  -6.9062500000000000      -0.15931862934832691     
  -6.8750000000000000      -0.15933405723018948     
  -6.8437500000000000      -0.15934912020411335     
  -6.8125000000000000      -0.15936382383246997     
  -6.7812500000000000      -0.15937817393130951     
  -6.7500000000000000      -0.15939217655360260     
  -6.7187500000000000      -0.15940583797250835     
  -6.6875000000000000      -0.15941916466476158     
  -6.6562500000000000      -0.15943216329415266     
  -6.6250000000000000      -0.15944484069517534     
  -6.5937500000000000      -0.15945720385684051     
  -6.5625000000000000      -0.15946925990670105     
  -6.5312500000000000      -0.15948101609510804     
  -6.5000000000000000      -0.15949247977971745     
  -6.4687500000000000      -0.15950365841028691     
  -6.4375000000000000      -0.15951455951375965     
  -6.4062500000000000      -0.15952519067968843     
  -6.3750000000000000      -0.15953555954598789     
  -6.3437500000000000      -0.15954567378505544     
  -6.3125000000000000      -0.15955554109026415     
  -6.2812500000000000      -0.15956516916285923     
  -6.2500000000000000      -0.15957456569924677     
  -6.2187500000000000      -0.15958373837871323     
  -6.1875000000000000      -0.15959269485157176     
  -6.1562500000000000      -0.15960144272775212     
  -6.1250000000000000      -0.15960998956584319     
  -6.0937500000000000      -0.15961834286258328     
  -6.0625000000000000      -0.15962651004282957     
  -6.0312500000000000      -0.15963449844998490     
  -6.0000000000000000      -0.15964231533690082     
  -5.9687500000000000      -0.15964996785725788     
  -5.9375000000000000      -0.15965746305742673     
  -5.9062500000000000      -0.15966480786879544     
  -5.8750000000000000      -0.15967200910058771     
  -5.8437500000000000      -0.15967907343314167     
  -5.8125000000000000      -0.15968600741167913     
  -5.7812500000000000      -0.15969281744052632     
  -5.7500000000000000      -0.15969950977780781     
  -5.7187500000000000      -0.15970609053060147     
  -5.6875000000000000      -0.15971256565053749     
  -5.6562500000000000      -0.15971894092985284     
  -5.6250000000000000      -0.15972522199787614     
  -5.5937500000000000      -0.15973141431794680     
  -5.5625000000000000      -0.15973752318474965     
  -5.5312500000000000      -0.15974355372206386     
  -5.5000000000000000      -0.15974951088091410     
  -5.4687500000000000      -0.15975539943810246     
  -5.4375000000000000      -0.15976122399512846     
  -5.4062500000000000      -0.15976698897746983     
  -5.3750000000000000      -0.15977269863422167     
  -5.3437500000000000      -0.15977835703807214     
  -5.3125000000000000      -0.15978396808560863     
  -5.2812500000000000      -0.15978953549795261     
  -5.2500000000000000      -0.15979506282167613     
  -5.2187500000000000      -0.15980055343002725     
  -5.1875000000000000      -0.15980601052441956     
  -5.1562500000000000      -0.15981143713619705     
  -5.1250000000000000      -0.15981683612863093     
  -5.0937500000000000      -0.15982221019917375     
  -5.0625000000000000      -0.15982756188191410     
  -5.0312500000000000      -0.15983289355025682     
  -5.0000000000000000      -0.15983820741978819     
  -4.9687500000000000      -0.15984350555132620     
  -4.9375000000000000      -0.15984878985413725     
  -4.9062500000000000      -0.15985406208931352     
  -4.8750000000000000      -0.15985932387328561     
  -4.8437500000000000      -0.15986457668146634     
  -4.8125000000000000      -0.15986982185201501     
  -4.7812500000000000      -0.15987506058970546     
  -4.7500000000000000      -0.15988029396987913     
  -4.7187500000000000      -0.15988552294248887     
  -4.6875000000000000      -0.15989074833621023     
  -4.6562500000000000      -0.15989597086260629     
  -4.6250000000000000      -0.15990119112034193     
  -4.5937500000000000      -0.15990640959944069     
  -4.5625000000000000      -0.15991162668556100     
  -4.5312500000000000      -0.15991684266429201     
  -4.5000000000000000      -0.15992205772546109     
  -4.4687500000000000      -0.15992727196743323     
  -4.4375000000000000      -0.15993248540140803     
  -4.4062500000000000      -0.15993769795569499     
  -4.3750000000000000      -0.15994290947995982     
  -4.3437500000000000      -0.15994811974944528     
  -4.3125000000000000      -0.15995332846914437     
  -4.2812500000000000      -0.15995853527793000     
  -4.2500000000000000      -0.15996373975262923     
  -4.2187500000000000      -0.15996894141203946     
  -4.1875000000000000      -0.15997413972088273     
  -4.1562500000000000      -0.15997933409368412     
  -4.1250000000000000      -0.15998452389857529     
  -4.0937500000000000      -0.15998970846102775     
  -4.0625000000000000      -0.15999488706749540     
  -4.0312500000000000      -0.16000005896896352     
  -4.0000000000000000      -0.16000522338442730     
  -3.9687500000000000      -0.16001037950425742     
  -3.9375000000000000      -0.16001552649347589     
  -3.9062500000000000      -0.16002066349494201     
  -3.8750000000000000      -0.16002578963242475     
  -3.8437500000000000      -0.16003090401358089     
  -3.8125000000000000      -0.16003600573282670     
  -3.7812500000000000      -0.16004109387410953     
  -3.7500000000000000      -0.16004616751356587     
  -3.7187500000000000      -0.16005122572208066     
  -3.6875000000000000      -0.16005626756773525     
  -3.6562500000000000      -0.16006129211815159     
  -3.6250000000000000      -0.16006629844272707     
  -3.5937500000000000      -0.16007128561476636     
  -3.5625000000000000      -0.16007625271350898     
  -3.5312500000000000      -0.16008119882604116     
  -3.5000000000000000      -0.16008612304912032     
  -3.4687500000000000      -0.16009102449088214     
  -3.4375000000000000      -0.16009590227245632     
  -3.4062500000000000      -0.16010075552947259     
  -3.3750000000000000      -0.16010558341348069     
  -3.3437500000000000      -0.16011038509326098     
  -3.3125000000000000      -0.16011515975604609     
  -3.2812500000000000      -0.16011990660865169     
  -3.2500000000000000      -0.16012462487850979     
  -3.2187500000000000      -0.16012931381461806     
  -3.1875000000000000      -0.16013397268840490     
  -3.1562500000000000      -0.16013860079450426     
  -3.1250000000000000      -0.16014319745144903     
  -3.0937500000000000      -0.16014776200228698     
  -3.0625000000000000      -0.16015229381512613     
  -3.0312500000000000      -0.16015679228359250     
  -3.0000000000000000      -0.16016125682722523     
  -2.9687500000000000      -0.16016568689180014     
  -2.9375000000000000      -0.16017008194958671     
  -2.9062500000000000      -0.16017444149954130     
  -2.8750000000000000      -0.16017876506743575     
  -2.8437500000000000      -0.16018305220593396     
  -2.8125000000000000      -0.16018730249460497     
  -2.7812500000000000      -0.16019151553988781     
  -2.7500000000000000      -0.16019569097499953     
  -2.7187500000000000      -0.16019982845980796     
  -2.6875000000000000      -0.16020392768063493     
  -2.6562500000000000      -0.16020798835004688     
  -2.6250000000000000      -0.16021201020657660     
  -2.5937500000000000      -0.16021599301442294     
  -2.5625000000000000      -0.16021993656311059     
  -2.5312500000000000      -0.16022384066711157     
  -2.5000000000000000      -0.16022770516544771     
  -2.4687500000000000      -0.16023152992124859     
  -2.4375000000000000      -0.16023531482129241     
  -2.4062500000000000      -0.16023905977552128     
  -2.3750000000000000      -0.16024276471653140     
  -2.3437500000000000      -0.16024642959904170     
  -2.3125000000000000      -0.16025005439935441     
  -2.2812500000000000      -0.16025363911477836     
  -2.2500000000000000      -0.16025718376306147     
  -2.2187500000000000      -0.16026068838179339     
  -2.1875000000000000      -0.16026415302780109     
  -2.1562500000000000      -0.16026757777653911     
  -2.1250000000000000      -0.16027096272146701     
  -2.0937500000000000      -0.16027430797342390     
  -2.0625000000000000      -0.16027761365999685     
  -2.0312500000000000      -0.16028087992488094     
  -2.0000000000000000      -0.16028410692724840     
  -1.9687500000000000      -0.16028729484110379     
  -1.9375000000000000      -0.16029044385464902     
  -1.9062500000000000      -0.16029355416964886     
  -1.8750000000000000      -0.16029662600078712     
  -1.8437500000000000      -0.16029965957504769     
  -1.8125000000000000      -0.16030265513108313     
  -1.7812500000000000      -0.16030561291859366     
  -1.7500000000000000      -0.16030853319771540     
  -1.7187500000000000      -0.16031141623841175     
  -1.6875000000000000      -0.16031426231987719     
  -1.6562500000000000      -0.16031707172994061     
  -1.6250000000000000      -0.16031984476449490     
  -1.5937500000000000      -0.16032258172691277     
  -1.5625000000000000      -0.16032528292750095     
  -1.5312500000000000      -0.16032794868293773     
  -1.5000000000000000      -0.16033057931574307     
  -1.4687500000000000      -0.16033317515374654     
  -1.4375000000000000      -0.16033573652957833     
  -1.4062500000000000      -0.16033826378016325     
  -1.3750000000000000      -0.16034075724623600     
  -1.3437500000000000      -0.16034321727186085     
  -1.3125000000000000      -0.16034564420397018     
  -1.2812500000000000      -0.16034803839192002     
  -1.2500000000000000      -0.16035040018704949     
  -1.2187500000000000      -0.16035272994226027     
  -1.1875000000000000      -0.16035502801160803     
  -1.1562500000000000      -0.16035729474990740     
  -1.1250000000000000      -0.16035953051235835     
  -1.0937500000000000      -0.16036173565416684     
  -1.0625000000000000      -0.16036391053020779     
  -1.0312500000000000      -0.16036605549466854     
  -1.0000000000000000      -0.16036817090073971     
 -0.96875000000000000      -0.16037025710029384     
 -0.93750000000000000      -0.16037231444359248     
 -0.90625000000000000      -0.16037434327899261     
 -0.87500000000000000      -0.16037634395268813     
 -0.84375000000000000      -0.16037831680843959     
 -0.81250000000000000      -0.16038026218733240     
 -0.78125000000000000      -0.16038218042754851     
 -0.75000000000000000      -0.16038407186413536     
 -0.71875000000000000      -0.16038593682880958     
 -0.68750000000000000      -0.16038777564974749     
 -0.65625000000000000      -0.16038958865141564     
 -0.62500000000000000      -0.16039137615438318     
 -0.59375000000000000      -0.16039313847516745     
 -0.56250000000000000      -0.16039487592608223     
 -0.53125000000000000      -0.16039658881509725     
 -0.50000000000000000      -0.16039827744570836     
 -0.46875000000000000      -0.16039994211682054     
 -0.43750000000000000      -0.16040158312262942     
 -0.40625000000000000      -0.16040320075253864     
 -0.37500000000000000      -0.16040479529105117     
 -0.34375000000000000      -0.16040636701769836     
 -0.31250000000000000      -0.16040791620696204     
 -0.28125000000000000      -0.16040944312821603     
 -0.25000000000000000      -0.16041094804566844     
 -0.21875000000000000      -0.16041243121831075     
 -0.18750000000000000      -0.16041389289987845     
 -0.15625000000000000      -0.16041533333881874     
 -0.12500000000000000      -0.16041675277827067     
  -9.3750000000000000E-002 -0.16041815145603253     
  -6.2500000000000000E-002 -0.16041952960456460     
  -3.1250000000000000E-002 -0.16042088745096875     
   0.0000000000000000      -0.16042222521700197     
   3.1250000000000000E-002 -0.16042354311907103     
   6.2500000000000000E-002 -0.16042484136824844     
   9.3750000000000000E-002 -0.16042612017028884     
  0.12500000000000000      -0.16042737972564788     
  0.15625000000000000      -0.16042862022951040     
  0.18750000000000000      -0.16042984187181947     
  0.21875000000000000      -0.16043104483731058     
  0.25000000000000000      -0.16043222930555148     
  0.28125000000000000      -0.16043339545098317     
  0.31250000000000000      -0.16043454344296679     
  0.34375000000000000      -0.16043567344583340     
  0.37500000000000000      -0.16043678561893135     
  0.40625000000000000      -0.16043788011669091     
  0.43750000000000000      -0.16043895708867212     
  0.46875000000000000      -0.16044001667963137     
  0.50000000000000000      -0.16044105902958217     
  0.53125000000000000      -0.16044208427385964     
  0.56250000000000000      -0.16044309254318967     
  0.59375000000000000      -0.16044408396375281     
  0.62500000000000000      -0.16044505865725925     
  0.65625000000000000      -0.16044601674101705     
  0.68750000000000000      -0.16044695832800746     
  0.71875000000000000      -0.16044788352695816     
  0.75000000000000000      -0.16044879244241558     
  0.78125000000000000      -0.16044968517482791     
  0.81250000000000000      -0.16045056182061496     
  0.84375000000000000      -0.16045142247224425     
  0.87500000000000000      -0.16045226721831593     
  0.90625000000000000      -0.16045309614363912     
  0.93750000000000000      -0.16045390932930298     
  0.96875000000000000      -0.16045470685276447     
   1.0000000000000000      -0.16045548878792087     
   1.0312500000000000      -0.16045625520518886     
   1.0625000000000000      -0.16045700617159039     
   1.0937500000000000      -0.16045774175081781     
   1.1250000000000000      -0.16045846200332123     
   1.1562500000000000      -0.16045916698638346     
   1.1875000000000000      -0.16045985675419733     
   1.2187500000000000      -0.16046053135793825     
   1.2500000000000000      -0.16046119084584642     
   1.2812500000000000      -0.16046183526329436     
   1.3125000000000000      -0.16046246465287042     
   1.3437500000000000      -0.16046307905444582     
   1.3750000000000000      -0.16046367850524779     
   1.4062500000000000      -0.16046426303993244     
   1.4375000000000000      -0.16046483269065759     
   1.4687500000000000      -0.16046538748715158     
   1.5000000000000000      -0.16046592745678132     
   1.5312500000000000      -0.16046645262462009     
   1.5625000000000000      -0.16046696301351582     
   1.5937500000000000      -0.16046745864415726     
   1.6250000000000000      -0.16046793953513921     
   1.6562500000000000      -0.16046840570302215     
   1.6875000000000000      -0.16046885716240353     
   1.7187500000000000      -0.16046929392596912     
   1.7500000000000000      -0.16046971600456061     
   1.7812500000000000      -0.16047012340722924     
   1.8125000000000000      -0.16047051614129718     
   1.8437500000000000      -0.16047089421241778     
   1.8750000000000000      -0.16047125762462169     
   1.9062500000000000      -0.16047160638037872     
   1.9375000000000000      -0.16047194048064925     
   1.9687500000000000      -0.16047225992493488     
   2.0000000000000000      -0.16047256471133300     
   2.0312500000000000      -0.16047285483658152     
   2.0625000000000000      -0.16047313029610899     
   2.0937500000000000      -0.16047339108408606     
   2.1250000000000000      -0.16047363719346347     
   2.1562500000000000      -0.16047386861602547     
   2.1875000000000000      -0.16047408534242733     
   2.2187500000000000      -0.16047428736224259     
   2.2500000000000000      -0.16047447466400266     
   2.2812500000000000      -0.16047464723523908     
   2.3125000000000000      -0.16047480506251718     
   2.3437500000000000      -0.16047494813148272     
   2.3750000000000000      -0.16047507642689338     
   2.4062500000000000      -0.16047518993265911     
   2.4375000000000000      -0.16047528863187169     
   2.4687500000000000      -0.16047537250684518     
   2.5000000000000000      -0.16047544153914747     
   2.5312500000000000      -0.16047549570962946     
   2.5625000000000000      -0.16047553499845843     
   2.5937500000000000      -0.16047555938515237     
   2.6250000000000000      -0.16047556884859940     
   2.6562500000000000      -0.16047556336709898     
   2.6875000000000000      -0.16047554291837765     
   2.7187500000000000      -0.16047550747962802     
   2.7500000000000000      -0.16047545702752264     
   2.7812500000000000      -0.16047539153824539     
   2.8125000000000000      -0.16047531098751677     
   2.8437500000000000      -0.16047521535061351     
   2.8750000000000000      -0.16047510460239381     
   2.9062500000000000      -0.16047497871732100     
   2.9375000000000000      -0.16047483766947820     
   2.9687500000000000      -0.16047468143259530     
   3.0000000000000000      -0.16047450998006468     
   3.0312500000000000      -0.16047432328496267     
   3.0625000000000000      -0.16047412132006655     
   3.0937500000000000      -0.16047390405787137     
   3.1250000000000000      -0.16047367147060468     
   3.1562500000000000      -0.16047342353025107     
   3.1875000000000000      -0.16047316020855892     
   3.2187500000000000      -0.16047288147705516     
   3.2500000000000000      -0.16047258730706584     
   3.2812500000000000      -0.16047227766972624     
   3.3125000000000000      -0.16047195253599128     
   3.3437500000000000      -0.16047161187665410     
   3.3750000000000000      -0.16047125566234940     
   3.4062500000000000      -0.16047088386357014     
   3.4375000000000000      -0.16047049645067768     
   3.4687500000000000      -0.16047009339390633     
   3.5000000000000000      -0.16046967466338435     
   3.5312500000000000      -0.16046924022912665     
   3.5625000000000000      -0.16046879006105441     
   3.5937500000000000      -0.16046832412900058     
   3.6250000000000000      -0.16046784240271378     
   3.6562500000000000      -0.16046734485186415     
   3.6875000000000000      -0.16046683144605442     
   3.7187500000000000      -0.16046630215481689     
   3.7500000000000000      -0.16046575694762796     
   3.7812500000000000      -0.16046519579390264     
   3.8125000000000000      -0.16046461866300235     
   3.8437500000000000      -0.16046402552423847     
   3.8750000000000000      -0.16046341634687056     
   3.9062500000000000      -0.16046279110011294     
   3.9375000000000000      -0.16046214975313336     
   3.9687500000000000      -0.16046149227505213     
   4.0000000000000000      -0.16046081863494233     
   4.0312500000000000      -0.16046012880183091     
   4.0625000000000000      -0.16045942274469782     
   4.0937500000000000      -0.16045870043246813     
   4.1250000000000000      -0.16045796183401650     
   4.1562500000000000      -0.16045720691815879     
   4.1875000000000000      -0.16045643565365336     
   4.2187500000000000      -0.16045564800919027     
   4.2500000000000000      -0.16045484395339235     
   4.2812500000000000      -0.16045402345480320     
   4.3125000000000000      -0.16045318648188522     
   4.3437500000000000      -0.16045233300301212     
   4.3750000000000000      -0.16045146298645940     
   4.4062500000000000      -0.16045057640039725     
   4.4375000000000000      -0.16044967321288076     
   4.4687500000000000      -0.16044875339183962     
   4.5000000000000000      -0.16044781690506804     
   4.5312500000000000      -0.16044686372021955     
   4.5625000000000000      -0.16044589380478444     
   4.5937500000000000      -0.16044490712607964     
   4.6250000000000000      -0.16044390365124603     
   4.6562500000000000      -0.16044288334722173     
   4.6875000000000000      -0.16044184618073692     
   4.7187500000000000      -0.16044079211829063     
   4.7500000000000000      -0.16043972112613997     
   4.7812500000000000      -0.16043863317028267     
   4.8125000000000000      -0.16043752821643775     
   4.8437500000000000      -0.16043640623002972     
   4.8750000000000000      -0.16043526717616782     
   4.9062500000000000      -0.16043411101962521     
   4.9375000000000000      -0.16043293772482597     
   4.9687500000000000      -0.16043174725581133     
   5.0000000000000000      -0.16043053957623102     
   5.0312500000000000      -0.16042931464931220     
   5.0625000000000000      -0.16042807243783744     
   5.0937500000000000      -0.16042681290412503     
   5.1250000000000000      -0.16042553600999857     
   5.1562500000000000      -0.16042424171676858     
   5.1875000000000000      -0.16042292998519930     
   5.2187500000000000      -0.16042160077548145     
   5.2500000000000000      -0.16042025404721336     
   5.2812500000000000      -0.16041888975936272     
   5.3125000000000000      -0.16041750787024728     
   5.3437500000000000      -0.16041610833749273     
   5.3750000000000000      -0.16041469111801665     
   5.4062500000000000      -0.16041325616798496     
   5.4375000000000000      -0.16041180344278708     
   5.4687500000000000      -0.16041033289700232     
   5.5000000000000000      -0.16040884448436518     
   5.5312500000000000      -0.16040733815773345     
   5.5625000000000000      -0.16040581386905384     
   5.5937500000000000      -0.16040427156932446     
   5.6250000000000000      -0.16040271120856300     
   5.6562500000000000      -0.16040113273576556     
   5.6875000000000000      -0.16039953609887597     
   5.7187500000000000      -0.16039792124474206     
   5.7500000000000000      -0.16039628811908405     
   5.7812500000000000      -0.16039463666644846     
   5.8125000000000000      -0.16039296683017656     
   5.8437500000000000      -0.16039127855235949     
   5.8750000000000000      -0.16038957177380128     
   5.9062500000000000      -0.16038784643397550     
   5.9375000000000000      -0.16038610247098761     
   5.9687500000000000      -0.16038433982152980     
   6.0000000000000000      -0.16038255842084209     
   6.0312500000000000      -0.16038075820266859     
   6.0625000000000000      -0.16037893909921383     
   6.0937500000000000      -0.16037710104109931     
   6.1250000000000000      -0.16037524395732894     
   6.1562500000000000      -0.16037336777522723     
   6.1875000000000000      -0.16037147242041272     
   6.2187500000000000      -0.16036955781674198     
   6.2500000000000000      -0.16036762388627415     
   6.2812500000000000      -0.16036567054921883     
   6.3125000000000000      -0.16036369772389664     
   6.3437500000000000      -0.16036170532668631     
   6.3750000000000000      -0.16035969327198865     
   6.4062500000000000      -0.16035766147217484     
   6.4375000000000000      -0.16035560983754127     
   6.4687500000000000      -0.16035353827626586     
   6.5000000000000000      -0.16035144669436466     
   6.5312500000000000      -0.16034933499563891     
   6.5625000000000000      -0.16034720308163683     
   6.5937500000000000      -0.16034505085160417     
   6.6250000000000000      -0.16034287820243806     
   6.6562500000000000      -0.16034068502864685     
   6.6875000000000000      -0.16033847122229705     
   6.7187500000000000      -0.16033623667297089     
   6.7500000000000000      -0.16033398126772933     
   6.7812500000000000      -0.16033170489105411     
   6.8125000000000000      -0.16032940742481416     
   6.8437500000000000      -0.16032708874821561     
   6.8750000000000000      -0.16032474873775995     
   6.9062500000000000      -0.16032238726720224     
   6.9375000000000000      -0.16032000420750880     
   6.9687500000000000      -0.16031759942680623     
   7.0000000000000000      -0.16031517279035096     
   7.0312500000000000      -0.16031272416048287     
   7.0625000000000000      -0.16031025339658062     
   7.0937500000000000      -0.16030776035502980     
   7.1250000000000000      -0.16030524488917355     
   7.1562500000000000      -0.16030270684928255     
   7.1875000000000000      -0.16030014608250973     
   7.2187500000000000      -0.16029756243285634     
   7.2500000000000000      -0.16029495574113561     
   7.2812500000000000      -0.16029232584493183     
   7.3125000000000000      -0.16028967257857199     
   7.3437500000000000      -0.16028699577308522     
   7.3750000000000000      -0.16028429525617580     
   7.4062500000000000      -0.16028157085218500     
   7.4375000000000000      -0.16027882238206165     
   7.4687500000000000      -0.16027604966333281     
   7.5000000000000000      -0.16027325251007266     
   7.5312500000000000      -0.16027043073287475     
   7.5625000000000000      -0.16026758413882644     
   7.5937500000000000      -0.16026471253148036     
   7.6250000000000000      -0.16026181571083267     
   7.6562500000000000      -0.16025889347329400     
   7.6875000000000000      -0.16025594561167386     
   7.7187500000000000      -0.16025297191515969     
   7.7500000000000000      -0.16024997216928955     
   7.7812500000000000      -0.16024694615594187     
   7.8125000000000000      -0.16024389365331693     
   7.8437500000000000      -0.16024081443591498     
   7.8750000000000000      -0.16023770827453895     
   7.9062500000000000      -0.16023457493626100     
   7.9375000000000000      -0.16023141418442835     
   7.9687500000000000      -0.16022822577864751     
   8.0000000000000000      -0.16022500947477752     
   8.0312500000000000      -0.16022176502492433     
   8.0625000000000000      -0.16021849217743764     
   8.0937500000000000      -0.16021519067691239     
   8.1250000000000000      -0.16021186026418058     
   8.1562500000000000      -0.16020850067631648     
   8.1875000000000000      -0.16020511164664589     
   8.2187500000000000      -0.16020169290473896     
   8.2500000000000000      -0.16019824417643030     
   8.2812500000000000      -0.16019476518381964     
   8.3125000000000000      -0.16019125564528641     
   8.3437500000000000      -0.16018771527550346     
   8.3750000000000000      -0.16018414378544985     
   8.4062500000000000      -0.16018054088243164     
   8.4375000000000000      -0.16017690627010014     
   8.4687500000000000      -0.16017323964847088     
   8.5000000000000000      -0.16016954071395190     
   8.5312500000000000      -0.16016580915936973     
   8.5625000000000000      -0.16016204467399456     
   8.5937500000000000      -0.16015824694357311     
   8.6250000000000000      -0.16015441565036037     
   8.6562500000000000      -0.16015055047315879     
   8.6875000000000000      -0.16014665108735418     
   8.7187500000000000      -0.16014271716495407     
   8.7500000000000000      -0.16013874837463279     
   8.7812500000000000      -0.16013474438177480     
   8.8125000000000000      -0.16013070484852598     
   8.8437500000000000      -0.16012662943383951     
   8.8750000000000000      -0.16012251779353212     
   8.9062500000000000      -0.16011836958034203     
   8.9375000000000000      -0.16011418444397632     
   8.9687500000000000      -0.16010996203118352     
   9.0000000000000000      -0.16010570198581289     
   9.0312500000000000      -0.16010140394887551     
   9.0625000000000000      -0.16009706755862399     
   9.0937500000000000      -0.16009269245061389     
   9.1250000000000000      -0.16008827825778082     
   9.1562500000000000      -0.16008382461051951     
   9.1875000000000000      -0.16007933113676409     
   9.2187500000000000      -0.16007479746206738     
   9.2500000000000000      -0.16007022320968817     
   9.2812500000000000      -0.16006560800067926     
   9.3125000000000000      -0.16006095145398175     
   9.3437500000000000      -0.16005625318651204     
   9.3750000000000000      -0.16005151281326779     
   9.4062500000000000      -0.16004672994741839     
   9.4375000000000000      -0.16004190420041570     
   9.4687500000000000      -0.16003703518209267     
   9.5000000000000000      -0.16003212250077972     
   9.5312500000000000      -0.16002716576341192     
   9.5625000000000000      -0.16002216457563873     
   9.5937500000000000      -0.16001711854195080     
   9.6250000000000000      -0.16001202726579300     
   9.6562500000000000      -0.16000689034969426     
   9.6875000000000000      -0.16000170739538497     
   9.7187500000000000      -0.15999647800393371     
   9.7500000000000000      -0.15999120177587697     
   9.7812500000000000      -0.15998587831135436     
   9.8125000000000000      -0.15998050721024337     
   9.8437500000000000      -0.15997508807230376     
   9.8750000000000000      -0.15996962049732108     
   9.9062500000000000      -0.15996410408525219     
   9.9375000000000000      -0.15995853843637300     
   9.9687500000000000      -0.15995292315143769     
   10.000000000000000      -0.15994725783182492     
   10.031250000000000      -0.15994154207969991     
   10.062500000000000      -0.15993577549817595     
   10.093750000000000      -0.15992995769147678     
   10.125000000000000      -0.15992408826510382     
   10.156250000000000      -0.15991816682600180     
   10.187500000000000      -0.15991219298273646     
   10.218750000000000      -0.15990616634566165     
   10.250000000000000      -0.15990008652710058     
   10.281250000000000      -0.15989395314152541     
   10.312500000000000      -0.15988776580573583     
   10.343750000000000      -0.15988152413904633     
   10.375000000000000      -0.15987522776347335     
   10.406250000000000      -0.15986887630392022     
   10.437500000000000      -0.15986246938837348     
   10.468750000000000      -0.15985600664809199     
   10.500000000000000      -0.15984948771780649     
   10.531250000000000      -0.15984291223591757     
   10.562500000000000      -0.15983627984469062     
   10.593750000000000      -0.15982959019046253     
   10.625000000000000      -0.15982284292384905     
   10.656250000000000      -0.15981603769993658     
   10.687500000000000      -0.15980917417851076     
   10.718750000000000      -0.15980225202424228     
   10.750000000000000      -0.15979527090691906     
   10.781250000000000      -0.15978823050164406     
   10.812500000000000      -0.15978113048905296     
   10.843750000000000      -0.15977397055553616     
   10.875000000000000      -0.15976675039344271     
   10.906250000000000      -0.15975946970130731     
   10.937500000000000      -0.15975212818406739     
   10.968750000000000      -0.15974472555328098     
   11.000000000000000      -0.15973726152734433     
   11.031250000000000      -0.15972973583171873     
   11.062500000000000      -0.15972214819914968     
   11.093750000000000      -0.15971449836988844     
   11.125000000000000      -0.15970678609191588     
   11.156250000000000      -0.15969901112116394     
   11.187500000000000      -0.15969117322173682     
   11.218750000000000      -0.15968327216614123     
   11.250000000000000      -0.15967530773550101     
   11.281250000000000      -0.15966727971978381     
   11.312500000000000      -0.15965918791802464     
   11.343750000000000      -0.15965103213854645     
   11.375000000000000      -0.15964281219917456     
   11.406250000000000      -0.15963452792746954     
   11.437500000000000      -0.15962617916093602     
   11.468750000000000      -0.15961776574724845     
   11.500000000000000      -0.15960928754445944     
   11.531250000000000      -0.15960074442122441     
   11.562500000000000      -0.15959213625701232     
   11.593750000000000      -0.15958346294231407     
   11.625000000000000      -0.15957472437885900     
   11.656250000000000      -0.15956592047981932     
   11.687500000000000      -0.15955705117002111     
   11.718750000000000      -0.15954811638614250     
   11.750000000000000      -0.15953911607691856     
   11.781250000000000      -0.15953005020334099     
   11.812500000000000      -0.15952091873885582     
   11.843750000000000      -0.15951172166954652     
   11.875000000000000      -0.15950245899433949     
   11.906250000000000      -0.15949313072517632     
   11.937500000000000      -0.15948373688721146     
   11.968750000000000      -0.15947427751897664     
   12.000000000000000      -0.15946475267256871     
   12.031250000000000      -0.15945516241381302     
   12.062500000000000      -0.15944550682244130     
   12.093750000000000      -0.15943578599224628     
   12.125000000000000      -0.15942600003124241     
   12.156250000000000      -0.15941614906182350     
   12.187500000000000      -0.15940623322090952     
   12.218750000000000      -0.15939625266009586     
   12.250000000000000      -0.15938620754578578     
   12.281250000000000      -0.15937609805932842     
   12.312500000000000      -0.15936592439715208     
   12.343750000000000      -0.15935568677088219     
   12.375000000000000      -0.15934538540745866     
   12.406250000000000      -0.15933502054925405     
   12.437500000000000      -0.15932459245417002     
   12.468750000000000      -0.15931410139574664     
   12.500000000000000      -0.15930354766324942     
   12.531250000000000      -0.15929293156175986     
   12.562500000000000      -0.15928225341225211     
   12.593750000000000      -0.15927151355167243     
   12.625000000000000      -0.15926071233299674     
   12.656250000000000      -0.15924985012530149     
   12.687500000000000      -0.15923892731380804     
   12.718750000000000      -0.15922794429993378     
   12.750000000000000      -0.15921690150132567     
   12.781250000000000      -0.15920579935189616     
   12.812500000000000      -0.15919463830184069     
   12.843750000000000      -0.15918341881765807     
   12.875000000000000      -0.15917214138215496     
   12.906250000000000      -0.15916080649444939     
   12.937500000000000      -0.15914941466995983     
   12.968750000000000      -0.15913796644039249     
   13.000000000000000      -0.15912646235371097     
   13.031250000000000      -0.15911490297411071     
   13.062500000000000      -0.15910328888197947     
   13.093750000000000      -0.15909162067384153     
   13.125000000000000      -0.15907989896230595     
   13.156250000000000      -0.15906812437600268     
   13.187500000000000      -0.15905629755949977     
   13.218750000000000      -0.15904441917323572     
   13.250000000000000      -0.15903248989341692     
   13.281250000000000      -0.15902051041192250     
   13.312500000000000      -0.15900848143619753     
   13.343750000000000      -0.15899640368913384     
   13.375000000000000      -0.15898427790895064     
   13.406250000000000      -0.15897210484905500     
   13.437500000000000      -0.15895988527790392     
   13.468750000000000      -0.15894761997885401     
   13.500000000000000      -0.15893530975000106     
   13.531250000000000      -0.15892295540401372     
   13.562500000000000      -0.15891055776795898     
   13.593750000000000      -0.15889811768311432     
   13.625000000000000      -0.15888563600478134     
   13.656250000000000      -0.15887311360208176     
   13.687500000000000      -0.15886055135774602     
   13.718750000000000      -0.15884795016790493     
   13.750000000000000      -0.15883531094185480     
   13.781250000000000      -0.15882263460183219     
   13.812500000000000      -0.15880992208277209     
   13.843750000000000      -0.15879717433205531     
   13.875000000000000      -0.15878439230925717     
   13.906250000000000      -0.15877157698588479     
   13.937500000000000      -0.15875872934510121     
   13.968750000000000      -0.15874585038144934     
   14.000000000000000      -0.15873294110057271     
   14.031250000000000      -0.15872000251891566     
   14.062500000000000      -0.15870703566342617     
   14.093750000000000      -0.15869404157125136     
   14.125000000000000      -0.15868102128942829     
   14.156250000000000      -0.15866797587456163     
   14.187500000000000      -0.15865490639249671     
   14.218750000000000      -0.15864181391799562     
   14.250000000000000      -0.15862869953439609     
   14.281250000000000      -0.15861556433327298     
   14.312500000000000      -0.15860240941408760     
   14.343750000000000      -0.15858923588383544     
   14.375000000000000      -0.15857604485668700     
   14.406250000000000      -0.15856283745363411     
   14.437500000000000      -0.15854961480210975     
   14.468750000000000      -0.15853637803562953     
   14.500000000000000      -0.15852312829340823     
   14.531250000000000      -0.15850986671998077     
   14.562500000000000      -0.15849659446482145     
   14.593750000000000      -0.15848331268196036     
   14.625000000000000      -0.15847002252958917     
   14.656250000000000      -0.15845672516966527     
   14.687500000000000      -0.15844342176752879     
   14.718750000000000      -0.15843011349149172     
   14.750000000000000      -0.15841680151244700     
   14.781250000000000      -0.15840348700346402     
   14.812500000000000      -0.15839017113938111     
   14.843750000000000      -0.15837685509640756     
   14.875000000000000      -0.15836354005171321     
   14.906250000000000      -0.15835022718302363     
   14.937500000000000      -0.15833691766821065     
   14.968750000000000      -0.15832361268488623     
